version1
m_phi_block_xy0=89.96345
m_phi_block_xy1=89.86338
m_phi_block_xy2=90.18267
m_phi_block_xy3=89.99034
m_phi_block_z0=90.23223
m_phi_block_z1=89.96133
m_phi_block_z2=90.09228
m_phi_block_z3=90.08607
probeSW_res0=89.72688
probeSW_res1=89.64943
probeSW_res2=89.94398
probeSW_res3=89.76146
probeNW_res0=90.08126
probeNW_res1=90.40786
probeNW_res2=90.21381
probeNW_res3=90.20274
probeNE_res0=89.96713
probeNE_res1=89.76147
probeNE_res2=89.74314
probeNE_res3=89.62387
probeSE_res0=90.22462
probeSE_res1=90.18106
probeSE_res2=90.09895
probeSE_res3=90.41172
probeWT_res0=90.24780
probeWT_res1=89.97352
probeWT_res2=90.10961
probeWT_res3=90.09390
probeNT_res0=89.98761
probeNT_res1=90.12591
probeNT_res2=90.12893
probeNT_res3=90.25642
probeET_res0=90.12595
probeET_res1=90.11370
probeET_res2=90.27076
probeET_res3=90.01108
probeST_res0=90.00776
probeST_res1=90.15394
probeST_res2=89.87311
probeST_res3=90.00766
probeBedLevel_res1=0.00000
probeBedLevel_res2=-0.02500
probeBedLevel_res3=0.00075
probeBedLevel_res4=0.00387
