version1
m_phi_block_xy0=89.95430
m_phi_block_xy1=89.86159
m_phi_block_xy2=90.18687
m_phi_block_xy3=89.99711
m_phi_block_z0=90.23768
m_phi_block_z1=89.98897
m_phi_block_z2=90.11089
m_phi_block_z3=90.08637
probeSW_res0=89.73004
probeSW_res1=89.62720
probeSW_res2=89.95495
probeSW_res3=89.77712
probeNW_res0=90.08421
probeNW_res1=90.42797
probeNW_res2=90.22482
probeNW_res3=90.18719
probeNE_res0=89.96448
probeNE_res1=89.76533
probeNE_res2=89.72059
probeNE_res3=89.63540
probeSE_res0=90.22117
probeSE_res1=90.17936
probeSE_res2=90.09953
probeSE_res3=90.40007
probeWT_res0=90.25454
probeWT_res1=89.97909
probeWT_res2=90.11830
probeWT_res3=90.07789
probeNT_res0=90.01896
probeNT_res1=90.13985
probeNT_res2=90.14060
probeNT_res3=90.26957
probeET_res0=90.16853
probeET_res1=90.12151
probeET_res2=90.28437
probeET_res3=90.03602
probeST_res0=90.00550
probeST_res1=90.14223
probeST_res2=89.92181
probeST_res3=90.01688
probeBedLevel_res1=0.00000
probeBedLevel_res2=-0.02810
probeBedLevel_res3=-0.00467
probeBedLevel_res4=0.00473
