version1
m_phi_block_xy0=89.96370
m_phi_block_xy1=89.86560
m_phi_block_xy2=90.17946
m_phi_block_xy3=89.99108
m_phi_block_z0=90.24317
m_phi_block_z1=89.99355
m_phi_block_z2=90.09361
m_phi_block_z3=90.07569
probeSW_res0=89.73027
probeSW_res1=89.61343
probeSW_res2=89.93884
probeSW_res3=89.75720
probeNW_res0=90.10585
probeNW_res1=90.44178
probeNW_res2=90.21699
probeNW_res3=90.20713
probeNE_res0=89.93701
probeNE_res1=89.76338
probeNE_res2=89.73616
probeNE_res3=89.63523
probeSE_res0=90.22675
probeSE_res1=90.18125
probeSE_res2=90.10789
probeSE_res3=90.40022
probeWT_res0=90.26389
probeWT_res1=90.02178
probeWT_res2=90.12614
probeWT_res3=90.10488
probeNT_res0=90.00686
probeNT_res1=90.12464
probeNT_res2=90.10808
probeNT_res3=90.27030
probeET_res0=90.09862
probeET_res1=90.09232
probeET_res2=90.27674
probeET_res3=90.03138
probeST_res0=89.99748
probeST_res1=90.16174
probeST_res2=89.91418
probeST_res3=90.02502
probeBedLevel_res1=0.00000
probeBedLevel_res2=-0.02577
probeBedLevel_res3=0.00000
probeBedLevel_res4=0.01092
