version1
m_phi_block_xy0=89.95478
m_phi_block_xy1=89.88402
m_phi_block_xy2=90.16121
m_phi_block_xy3=89.99984
m_phi_block_z0=90.23649
m_phi_block_z1=89.99777
m_phi_block_z2=90.11938
m_phi_block_z3=90.07545
probeSW_res0=89.72357
probeSW_res1=89.65389
probeSW_res2=89.93049
probeSW_res3=89.77164
probeNW_res0=90.11853
probeNW_res1=90.40568
probeNW_res2=90.22928
probeNW_res3=90.19457
probeNE_res0=89.92266
probeNE_res1=89.76328
probeNE_res2=89.72402
probeNE_res3=89.64758
probeSE_res0=90.23514
probeSE_res1=90.17696
probeSE_res2=90.11606
probeSE_res3=90.38601
probeWT_res0=90.27956
probeWT_res1=89.97304
probeWT_res2=90.15719
probeWT_res3=90.10210
probeNT_res0=90.01370
probeNT_res1=90.14536
probeNT_res2=90.10202
probeNT_res3=90.25267
probeET_res0=90.16129
probeET_res1=90.13651
probeET_res2=90.27700
probeET_res3=90.06553
probeST_res0=89.96117
probeST_res1=90.13674
probeST_res2=89.93880
probeST_res3=90.01368
probeBedLevel_res1=0.00000
probeBedLevel_res2=-0.02187
probeBedLevel_res3=0.29143
probeBedLevel_res4=0.29455
