version1
m_phi_block_xy0=89.96460
m_phi_block_xy1=89.87467
m_phi_block_xy2=90.17688
m_phi_block_xy3=89.98370
m_phi_block_z0=90.22932
m_phi_block_z1=89.99473
m_phi_block_z2=90.08564
m_phi_block_z3=90.08236
probeSW_res0=89.72834
probeSW_res1=89.66735
probeSW_res2=89.94673
probeSW_res3=89.74342
probeNW_res0=90.10979
probeNW_res1=90.39396
probeNW_res2=90.22301
probeNW_res3=90.21489
probeNE_res0=89.94093
probeNE_res1=89.74756
probeNE_res2=89.72421
probeNE_res3=89.61562
probeSE_res0=90.22080
probeSE_res1=90.19096
probeSE_res2=90.10593
probeSE_res3=90.42591
probeWT_res0=90.22860
probeWT_res1=90.00817
probeWT_res2=90.09724
probeWT_res3=90.11329
probeNT_res0=90.01962
probeNT_res1=90.12289
probeNT_res2=90.11878
probeNT_res3=90.24648
probeET_res0=90.11149
probeET_res1=90.11046
probeET_res2=90.28086
probeET_res3=90.03651
probeST_res0=89.98689
probeST_res1=90.16133
probeST_res2=89.91463
probeST_res3=90.01095
probeBedLevel_res1=0.00000
probeBedLevel_res2=-0.02188
probeBedLevel_res3=0.00082
probeBedLevel_res4=0.01405
