version1
m_phi_block_xy0=89.95804
m_phi_block_xy1=89.85789
m_phi_block_xy2=90.19115
m_phi_block_xy3=89.99278
m_phi_block_z0=90.23995
m_phi_block_z1=89.98686
m_phi_block_z2=90.10474
m_phi_block_z3=90.08858
probeSW_res0=89.73272
probeSW_res1=89.63403
probeSW_res2=89.96219
probeSW_res3=89.77320
probeNW_res0=90.07751
probeNW_res1=90.42349
probeNW_res2=90.21951
probeNW_res3=90.19303
probeNE_res0=89.97494
probeNE_res1=89.76369
probeNE_res2=89.72779
probeNE_res3=89.62960
probeSE_res0=90.21471
probeSE_res1=90.17862
probeSE_res2=90.09040
probeSE_res3=90.40400
probeWT_res0=90.24450
probeWT_res1=89.98076
probeWT_res2=90.10854
probeWT_res3=90.08994
probeNT_res0=90.00879
probeNT_res1=90.13706
probeNT_res2=90.12201
probeNT_res3=90.27606
probeET_res0=90.14722
probeET_res1=90.12213
probeET_res2=90.29657
probeET_res3=90.05537
probeST_res0=90.02025
probeST_res1=90.14265
probeST_res2=89.90251
probeST_res3=90.02613
probeBedLevel_res1=0.00000
probeBedLevel_res2=-0.01877
probeBedLevel_res3=-0.00155
probeBedLevel_res4=0.00623
