version1
m_phi_block_xy0=89.96083
m_phi_block_xy1=89.88045
m_phi_block_xy2=90.16902
m_phi_block_xy3=89.98957
m_phi_block_z0=90.24377
m_phi_block_z1=89.97778
m_phi_block_z2=90.10484
m_phi_block_z3=90.07250
probeSW_res0=89.74226
probeSW_res1=89.66501
probeSW_res2=89.92866
probeSW_res3=89.76100
probeNW_res0=90.08595
probeNW_res1=90.39811
probeNW_res2=90.22708
probeNW_res3=90.19559
probeNE_res0=89.95682
probeNE_res1=89.75533
probeNE_res2=89.72407
probeNE_res3=89.65076
probeSE_res0=90.21488
probeSE_res1=90.18139
probeSE_res2=90.12009
probeSE_res3=90.39248
probeWT_res0=90.25570
probeWT_res1=89.99943
probeWT_res2=90.13221
probeWT_res3=90.09054
probeNT_res0=90.02097
probeNT_res1=90.11725
probeNT_res2=90.08797
probeNT_res3=90.26825
probeET_res0=90.14722
probeET_res1=90.11461
probeET_res2=90.27749
probeET_res3=90.03251
probeST_res0=89.99688
probeST_res1=90.17363
probeST_res2=89.85823
probeST_res3=90.02269
probeBedLevel_res1=0.00000
probeBedLevel_res2=-0.01955
probeBedLevel_res3=0.00390
probeBedLevel_res4=0.00548
