version1
m_phi_block_xy0=89.96000
m_phi_block_xy1=89.85690
m_phi_block_xy2=90.19150
m_phi_block_xy3=89.99146
m_phi_block_z0=90.23927
m_phi_block_z1=89.99831
m_phi_block_z2=90.10589
m_phi_block_z3=90.08383
probeSW_res0=89.73245
probeSW_res1=89.62328
probeSW_res2=89.95718
probeSW_res3=89.77504
probeNW_res0=90.07978
probeNW_res1=90.43589
probeNW_res2=90.21656
probeNW_res3=90.18543
probeNE_res0=89.96278
probeNE_res1=89.74938
probeNE_res2=89.73083
probeNE_res3=89.62921
probeSE_res0=90.22487
probeSE_res1=90.19127
probeSE_res2=90.09531
probeSE_res3=90.41016
probeWT_res0=90.25223
probeWT_res1=90.00552
probeWT_res2=90.10897
probeWT_res3=90.10439
probeNT_res0=90.02368
probeNT_res1=90.11241
probeNT_res2=90.10142
probeNT_res3=90.26598
probeET_res0=90.15058
probeET_res1=90.12207
probeET_res2=90.29164
probeET_res3=90.05444
probeST_res0=90.00746
probeST_res1=90.14724
probeST_res2=89.90962
probeST_res3=90.05160
probeBedLevel_res1=0.00000
probeBedLevel_res2=-0.02030
probeBedLevel_res3=-0.00235
probeBedLevel_res4=0.00393
