version1
m_phi_block_xy0=89.95419
m_phi_block_xy1=89.86363
m_phi_block_xy2=90.18792
m_phi_block_xy3=89.99389
m_phi_block_z0=90.22440
m_phi_block_z1=90.00903
m_phi_block_z2=90.10850
m_phi_block_z3=90.05630
probeSW_res0=89.72813
probeSW_res1=89.64755
probeSW_res2=89.95563
probeSW_res3=89.76911
probeNW_res0=90.10610
probeNW_res1=90.42569
probeNW_res2=90.22001
probeNW_res3=90.19048
probeNE_res0=89.93677
probeNE_res1=89.75755
probeNE_res2=89.72913
probeNE_res3=89.60565
probeSE_res0=90.22888
probeSE_res1=90.16904
probeSE_res2=90.09522
probeSE_res3=90.43358
probeWT_res0=90.24719
probeWT_res1=90.01684
probeWT_res2=90.15733
probeWT_res3=90.07960
probeNT_res0=90.01548
probeNT_res1=90.13119
probeNT_res2=90.07305
probeNT_res3=90.27426
probeET_res0=90.14225
probeET_res1=90.09941
probeET_res2=90.23646
probeET_res3=90.03657
probeST_res0=89.97313
probeST_res1=90.13970
probeST_res2=89.96721
probeST_res3=90.00323
probeBedLevel_res1=0.00000
probeBedLevel_res2=-0.05395
probeBedLevel_res3=0.02572
probeBedLevel_res4=-0.02895
