version1
m_phi_block_xy0=89.96472
m_phi_block_xy1=89.87119
m_phi_block_xy2=90.17939
m_phi_block_xy3=89.98457
m_phi_block_z0=90.25009
m_phi_block_z1=89.99604
m_phi_block_z2=90.07494
m_phi_block_z3=90.06261
probeSW_res0=89.73671
probeSW_res1=89.63603
probeSW_res2=89.95356
probeSW_res3=89.75175
probeNW_res0=90.11551
probeNW_res1=90.41552
probeNW_res2=90.21807
probeNW_res3=90.20261
probeNE_res0=89.93699
probeNE_res1=89.75770
probeNE_res2=89.72899
probeNE_res3=89.63394
probeSE_res0=90.21078
probeSE_res1=90.19056
probeSE_res2=90.09928
probeSE_res3=90.41151
probeWT_res0=90.29104
probeWT_res1=89.99097
probeWT_res2=90.13531
probeWT_res3=90.09605
probeNT_res0=90.04812
probeNT_res1=90.04675
probeNT_res2=90.08398
probeNT_res3=90.25363
probeET_res0=90.11405
probeET_res1=90.10526
probeET_res2=90.28764
probeET_res3=90.04253
probeST_res0=89.96513
probeST_res1=90.16807
probeST_res2=89.90252
probeST_res3=90.00366
probeBedLevel_res1=0.00000
probeBedLevel_res2=-0.05235
probeBedLevel_res3=0.00078
probeBedLevel_res4=-0.00157
